1732336a
1575280vb
820875vb
1593409vb
1932586
9081948
1856945a
2480065
10316991
2694763
9233184
1842967a
1843788
1617250a
1669030vb
2639634
2480082
2156605
2159259
1435783vb
2639633
2639635
2480081
1238717
2480073
1613760a
7899630
1856658a
2480066
2480069
1825277a
7624274
2480071
2738019
1691321a
7593976
1557465a
1851598a
2885814
1856637a
2659786
1238715
536290
1744193a
2633942
6327364
1665627a
2825462
2732751
1787110a
6327364
2855102
2480070
1722734a
2825528
2825530
1739283a
2480072
4513993
2702837
2480068
2480086
4790505
4808125
2633942
2633942
2738022
2480067
1477011vb
2825523
2825525
2825522
2825526
2478302
2478300
1786414a
2488458
2478304
10240746
8310218
8156536
4948012
2480077
1786332a
2642240
2800695
2738020
8833736
2884972
1537011a
2702046
2702044
2805721
2804228
2884442
2480061
2480079
1435804vb
2480060
1729510a
5281160
1852753a
1473886vb
2480058
2480078
1665628a
2480246
1725139a
2156587
6730648
2156590
7484203
8466917